14
7
dan
1010
80
3
87
7/15
4
18
5760
704
42
5
108
1
58
3/2
8
1120
72
4
3/10
361
1
12/5
45
24
26
56/225
10/3
25
146
10
8
45
20
11
9
5/3
10
56
60
84
3
3
210
5/24
7
3
1
120
2/5
424
4/9
2
27/2
103
46
104
160
16
-15
600
20
26
7
37
7/72
35
1/3
300/7
37
1/5
481
25
200
15/2
4/7
7
1/3
8
friday
49/512
12
9
729
135/2
1
48
92
88/7
11
25/32
13
12
1/12
25
1/3
72
720
15
1
36
12
150
13
7
2016
111
200
-13
90
15
1/3
5/12
10
110
1/4
900
1
59
60
3
3.5
54
24sqrt3
18
54
5
16
12
2520
500
1089
13/16
1/4
0
60.5
32
1666.65
30
50
3
37
